11 0.5
12 0.5
22 0.49999999999999994
23 0.49999999999999994
33 0.5000000000549308
34 0.4999999999450697
55 0.4999999999999998
56 0.4999999999999998
66 0.5
67 0.5
77 0.5000000000000002
78 0.5000000000000002
88 0.5000000000000002
89 0.5000000000000002
99 0.5000000000000002
910 0.5000000000000002
1010 0.5000000000549305
1011 0.49999999994506883
1212 0.49999999999999994
1213 0.49999999999999994
1313 0.4999999999999998
1314 0.4999999999999998
1414 0.5
1415 0.5
1515 0.4999999999999998
1516 0.4999999999999998
1616 0.4999999999999999
1617 0.4999999999999999
1717 0.4999999999999997
1718 0.4999999999999997
1818 0.5
1819 0.5
1919 0.5000000000000001
1920 0.5000000000000001
2020 0.5000000000549304
2021 0.4999999999450694
2222 0.49999999999999994
2223 0.49999999999999994
2323 0.4999999999999998
2324 0.4999999999999998
2424 0.5
2425 0.5
2525 0.4999999999999998
2526 0.4999999999999998
2626 0.4999999999999999
2627 0.4999999999999999
2727 0.4999999999999997
2728 0.4999999999999997
2828 0.5000000000000002
2829 0.5000000000000002
2929 0.5000000000000003
2930 0.5000000000000003
3030 0.5000000000000002
3031 0.5000000000000002
3131 0.5000000000000003
3132 0.5000000000000003
3232 0.4999999999999999
3233 0.4999999999999999
3333 0.5
3334 0.5
3434 0.5000000000000001
3435 0.5000000000000001
3535 0.4999999999999999
3536 0.4999999999999999
3636 0.500000000054931
3637 0.4999999999450691
3838 0.49999999999999994
3839 0.49999999999999994
3939 0.4999999999999998
3940 0.4999999999999998
4040 0.5
4041 0.5
4141 0.5
4142 0.5
4242 0.4999999999999997
4243 0.4999999999999997
4343 0.4999999999999998
4344 0.4999999999999998
4444 0.5000000000000003
4445 0.5000000000000003
4545 0.5000000000000001
4546 0.5000000000000001
4646 0.4999999999999999
4647 0.4999999999999999
4747 0.5
4748 0.5
4848 0.5
4849 0.5
4949 0.5000000000549302
4950 0.4999999999450687
5151 0.49999999999999994
5152 0.49999999999999994
5252 0.4999999999999998
5253 0.4999999999999998
5353 0.5
5354 0.5
5454 0.5
5455 0.5
5555 0.5000000000000002
5556 0.5000000000000002
5656 0.5
5657 0.5
5757 0.5
5758 0.5
5858 0.49999999999999994
5859 0.49999999999999994
5959 0.49999999999999994
5960 0.49999999999999994
6060 0.49999999999999994
6061 0.49999999999999994
6161 0.49999999999999994
6162 0.49999999999999994
6262 0.5000000000549311
6263 0.49999999994506994
6464 0.49999999999999994
6465 0.49999999999999994
6565 0.4999999999999998
6566 0.4999999999999998
6666 0.5
6667 0.5
6767 0.5
6768 0.5
6868 0.5000000000000002
6869 0.5000000000000002
6969 0.5
6970 0.5
7070 0.5
7071 0.5
7171 0.49999999999999994
7172 0.49999999999999994
7272 0.49999999999999994
7273 0.49999999999999994
7373 0.5000000000000002
7374 0.5000000000000002
7474 0.49999999999999994
7475 0.49999999999999994
7575 0.49999999999999994
7576 0.49999999999999994
7676 0.5000000000000004
7677 0.5000000000000004
7777 0.5000000000000001
7778 0.5000000000000001
7878 0.5
7879 0.5
7979 0.5000000000000001
7980 0.5000000000000001
8080 0.5000000000000002
8081 0.5000000000000002
8181 0.5000000000549303
8182 0.4999999999450692
8383 0.49999999999999994
8384 0.49999999999999994
8484 0.4999999999999998
8485 0.4999999999999998
8585 0.5
8586 0.5
8686 0.5000000000000001
8687 0.5000000000000001
8787 0.5
8788 0.5
8888 0.5000000000000001
8889 0.5000000000000001
8989 0.49999999999999994
8990 0.49999999999999994
9090 0.5000000000000002
9091 0.5000000000000002
9191 0.49999999999999994
9192 0.49999999999999994
9292 0.49999999999999994
9293 0.49999999999999994
9393 0.5
9394 0.5
9494 0.500000000054931
9495 0.4999999999450697
9696 0.49999999999999994
9697 0.49999999999999994
9797 0.49999999999999994
9798 0.49999999999999994
9898 0.4999999999999997
9899 0.4999999999999997
9999 0.5000000000000001
99100 0.5000000000000001
100100 0.49999999999999994
100101 0.49999999999999994
101101 0.5000000000549308
101102 0.49999999994506933
103103 0.5
103104 0.5
104104 0.5000000000000003
104105 0.5000000000000003
105105 0.5000000000000001
105106 0.5000000000000001
106106 0.49999999999999956
106107 0.49999999999999956
107107 0.4999999999999999
107108 0.4999999999999999
108108 0.5000000000000002
108109 0.5000000000000002
109109 0.5000000000000002
109110 0.5000000000000002
110110 0.49999999999999994
110111 0.49999999999999994
111111 0.4999999999999999
111112 0.4999999999999999
112112 0.49999999999999994
112113 0.49999999999999994
113113 0.5000000000000002
113114 0.5000000000000002
114114 0.5000000000549306
114115 0.49999999994506933
116116 0.6000006803836637
116117 0.39999931961633683
117117 0.4000059336524779
117118 0.4000059286892175
117119 0.1999881376583044
118117 0.4000059037591755
118118 0.40000593026424636
118119 0.1999881659765783
119120 -1.5946177793921217e-05
119117 0.4000122811410341
119118 0.400012291862746
119119 0.199991373174012
120120 -1.6263687030655507e-07
120121 1.0000001626368713
