11 0.5055794142156241
12 0.4944205857844001
22 0.4859844102230047
23 0.5140155897769942
33 0.999281966185267
34 0.0007180338147329338
55 0.49355915397454875
56 0.5064408460254709
66 0.4965298404621429
67 0.5034701595378649
77 0.49188111141104257
78 0.5081188885889579
88 0.4956175049038436
89 0.5043824950961572
99 0.5066620289336288
910 0.493337971066372
1010 0.9992966673967568
1011 0.0007033326032426968
1212 0.4925661144870495
1213 0.5074338855129138
1313 0.5012520120938692
1314 0.4987479879060935
1414 0.5207895406505775
1415 0.4792104593494232
1515 0.4959060570174845
1516 0.5040939429825151
1616 0.4979722985188521
1617 0.5020277014811488
1717 0.4926270230873222
1718 0.5073729769126399
1818 0.5035084856690304
1819 0.49649151433095157
1919 0.4977510278770096
1920 0.5022489721229557
2020 0.9992516871941876
2021 0.0007483128058118742
2222 0.49255054792281877
2223 0.5074494520771416
2323 0.5012515573422003
2324 0.49874844265775903
2424 0.520872274940676
2425 0.47912772505932333
2525 0.49588189932227716
2526 0.5041181006777224
2626 0.4979584865138951
2627 0.5020415134861036
2727 0.4904598703916996
2728 0.509540129608264
2828 0.4926261480057516
2829 0.5073738519942085
2929 0.5012343905203376
2930 0.49876560947962156
3030 0.5072926493006314
3031 0.4927073506993684
3131 0.4935291317547114
3132 0.506470868245287
3232 0.5015474935313676
3233 0.4984525064686322
3333 0.49815968176592057
3334 0.5018403182340503
3434 0.49788138409122895
3435 0.5021186159087321
3535 0.5093895818169968
3536 0.49061041818298495
3636 0.9992490380232253
3637 0.0007509619767741647
3838 0.4924985082162478
3839 0.5075014917837641
3939 0.5012361813963492
3940 0.4987638186036631
4040 0.5182352797479611
4041 0.48176472025203976
4141 0.5003432457489907
4142 0.49965675425101025
4242 0.5028942582051453
4243 0.4971057417948546
4343 0.4976457936713883
4344 0.5023542063286041
4444 0.4963603959945126
4445 0.5036396040054943
4545 0.5049806127250505
4546 0.49501938727495765
4646 0.4855391756793579
4647 0.5144608243206419
4747 0.49350953191350766
4748 0.506490468086491
4848 0.48786278869346505
4849 0.5121372113065494
4949 0.9993113718181313
4950 0.0006886281818685105
5151 0.4925796568357294
5152 0.5074203431642651
5252 0.5012508172008011
5253 0.49874918279919245
5353 0.5345684777803025
5354 0.4654315222196971
5454 0.5001479210678641
5455 0.4998520789321359
5555 0.4935639726879532
5556 0.5064360273120477
5656 0.47897964427658607
5657 0.5210203557233979
5757 0.5035275967323781
5758 0.49647240326763353
5858 0.49774868230229147
5859 0.5022513176977041
5959 0.5098997255214799
5960 0.49010027447852544
6060 0.49647243266839464
6061 0.5035275673315882
6161 0.5049906681164257
6162 0.49500933188355273
6262 0.9992117334471956
6263 0.0007882665528049287
6464 0.4925312064433379
6465 0.5074687935567356
6565 0.5012606056820347
6566 0.4987393943180409
6666 0.5347644509029457
6667 0.46523554909705533
6767 0.500118488588972
6768 0.49988151141102904
6868 0.49353764703058484
6869 0.5064623529694154
6969 0.4788330160172701
6970 0.5211669839828006
7070 0.5035763701865683
7071 0.49642362981345467
7171 0.4977308740034056
7172 0.5022691259966491
7272 0.5092021542150041
7273 0.490797845784997
7373 0.4939570161537547
7374 0.5060429838462468
7474 0.4967665384856766
7475 0.5032334615143244
7575 0.5066807022656814
7576 0.49331929773437105
7676 0.48994840654467686
7677 0.5100515934553924
7777 0.5032372693946595
7778 0.49676273060539605
7878 0.5009952830300083
7879 0.4990047169700315
7979 0.49648143211053214
7980 0.5035185678895377
8080 0.5062566629949354
8081 0.4937433370051328
8181 0.999230142786759
8182 0.0007698572132407067
8383 0.49249714023938856
8384 0.5075028597606229
8484 0.5012307911253601
8485 0.4987692088746521
8585 0.5160746684607032
8586 0.48392533153929734
8686 0.4985915909966829
8687 0.5014084090033166
8787 0.5048163780105018
8788 0.49518362198949833
8888 0.48553138676606056
8889 0.5144686132339487
8989 0.4925330242102524
8990 0.5074669757897595
9090 0.5012165285428438
9091 0.498783471457169
9191 0.5072848891734744
9192 0.49271511082652486
9292 0.4935115112126556
9293 0.5064884887873448
9393 0.48786641125204855
9394 0.5121335887479656
9494 0.9993113796952573
9495 0.0006886203047429846
9696 0.4851747359488693
9697 0.5148252640511047
9797 0.4995886351634188
9798 0.5004113648365593
9898 0.5214957710640299
9899 0.4785042289359709
9999 0.5003953534735484
99100 0.49960464652645237
100100 0.48779047634243733
100101 0.512209523657536
101101 0.9992706294672467
101102 0.0007293705327530178
103103 0.48813807598464687
103104 0.5118619240153349
104104 0.4977616529706095
104105 0.502238347029396
105105 0.526639922625244
105106 0.4733600773747556
106106 0.49583398172587356
106107 0.5041660182741261
107107 0.497924690088994
107108 0.5020753099110058
108108 0.49406485854440674
108109 0.5059351414555827
109109 0.4910661949570862
109110 0.5089338050429002
110110 0.49812890642627733
110111 0.5018710935737078
111111 0.5018749512182257
111112 0.49812504878176855
112112 0.4978484142970142
112113 0.5021515857029712
113113 0.5095371112384117
113114 0.49046288876155975
114114 0.9992456546621048
114115 0.0007543453378947835
116116 0.5021765322107213
116117 0.49782346778927605
117117 0.34348316577393234
117118 0.34347322321091567
117119 0.31304361101514977
118117 0.34343613788355803
118118 0.34349194238770975
118119 0.313071919728739
119120 0.2373195357247623
119117 0.2619336173416528
119118 0.26195102365656064
119119 0.23879582327704718
120120 0.9991673643341858
120121 0.0008326356658134924
